Corrente;1651;154890;100.00;123
Corrente;21491;253253;200.00;2
Corrente;4875;474788;400.00;4161
Corrente;7106;875678;4000.00;869
Corrente;9876;546399;1000.00;876
Poupanca;1651;123455;1000.00;416
Poupanca;2149;225681;2000.00;286
Poupanca;4875;400020;4000.00;494
Poupanca;2149;225681;2000.00;286
Poupanca;4875;400020;4000.00;494
Gerente;Aniello;123;123;4875;474788;2500.00;2149
Gerente;Anderson;580;Estevao570;5102;533015;3500.00;3356
Presidente;Quezia;223;123;2149;225681;4500.00;4875
Diretor;Gabriel;839;Sil869;1651;869832;8000.00
Gerente;Gabriel;419;Deby416;4875;474788;2500.00;2149
Gerente;Anderson;570;Estevao570;5102;533015;3500.00;3356
Presidente;Lara;193;123;2149;225681;4500.00;4875
Presidente;Weberson;869;123;1651;869832;8000.00